float C[] = {
  0,
  32.70, 36.71, 41.20, 43.65, 49.00, 55.00, 61.74, //8 1
  65.41, 73.42, 82.41, 87.31, 98.00, 110.00, 123.47, //15 2
  130.81, 146.83, 164.81, 174.61, 196.00, 220.00, 246.94, //22 3
  261.63, 293.66, 329.63, 349.23, 392.00, 440.00, 493.88, //29  4
  523.25, 587.33, 659.26, 698.46, 783.99, 880.00, 987.77, //36  5
  1046.50, 1174.66, 1318.51, 1396.91, 1567.98, 1760.00, 1975.53, //43 6
  2093.00, 2349.32, 2637.02, 2793.83, 3135.96, 3520.00, 3951.07, //50 7
  415.30, 440.00, 493.88, 523.25, 587.33, 659.26, 698.46,  //57 g5
  466.16, 493.88, 523.25, 587.33, 659.26, 698.46, 783.99, //64 a6

  };
// notes in the melody:
  int melody[] = {
    31, 30, 31, 32, 31, 30, 31, 26, 27, 29, 26, 27, 24, 24, 27, 29, 26, 23, 24, 24, 
    27, 29, 26, 27, 24, 26, 23, 20, 23, 24, 23, 24, 20, 24, 27, 29, 26, 23, 24, 24, 27, 29, 26, 27, 27, 24, 
    27, 29, 26, 27, 24, 26, 23, 20, 23, 24, 23, 24, 20, 20, 
    24, 24, 24, 20, 22, 23, 24, 24, 24, 20, 22, 23,
    24, 26, 24, 24, 26, 24, 24, 26, 24, 26, 27, 20 ,22, 23,
    31, 31, 31, 27, 29, 30, 31, 31, 31, 27, 29, 30,
    31, 33, 31, 34, 34, 33, 34, 38, 34, 29, 30, 31, 36, 35, 33, 30,
    30, 29, 30, 29, 31, 27, 31, 30, 27, 31, 30, 31, 33, 36, 35, 33, 30, 31, 29, 30, 31, 36, 35, 33, 30, 30, 29, 30, 33, 31, 27, 31, //30
    30, 30, 30, 30, 30, 30, 29, 30, 29, 30, 29, 30, 32, 31, 32, 31, 34, 34, 34, 55, 34, 55, 36, 32, 34, //35
    35, 39, 35, 34, 35, 35, 39, 35, 34, 35, 32, 34, 35, 37, 36, 34, 35, 35, 36, 37, 38, 61, 39, 35, 39, 35,34,35, //39
    35, 39, 35, 34, 35, 32, 34, 35, 37, 36, 34, 35, 35, 35, 34, 35, 37, 35, 34, 35,37, 38, 39, 35, 34, 35, 37, 38, 39,//44
    35, 37, 38, 37, 38, 37, 38, 39, 35, 37, 34, 35, 32, 34, 35, 34, 35, 37, 38, 39, 35, 34, 35, 37, 38, 39,//49
    38, 39, 35, 37, 34, 35, 32, 35, 35, 35, 34, 35, 28, 21, 27, 21, 28, 21, 28, 21, 28, 21, 27, 21, 28, 21, 28, 21, 28, 21, 27, 21, 28, 21, 28, 21,//53
    33, 33, 32, 25, 31, 24, 32, 25, 33, 26, 32, 25, 31, 24, 32, 25, 33, 26, 32, 25, 31, 24, 32, 25, 33, 26, //58
    31, 32, 33, 35, 36, 36,//62

  };
  int noteDurations[] = {
    4,4,4,4, 4,4,4,4, 8,8,8,8, 4,4, 8,8,8,8, 4,4,
    8,8,8,8, 8,8,8,8, 8,8,8,8, 4,4, 8,8,8,8, 4,4, 8,8,8,8, 4,4,
    8,8,8,8, 8,8,8,8, 8,8,8,8, 4,4,
    4,4,4,8,8,8, 4,4,4,8,8,8,
    8,8,8, 8,8,8, 8,8,8,8, 8,8,8,8,
    4,4,4,8,8,8, 4,4,4,8,8,8,
    8,8,8,8, 4, 8,8, 4, 8, 8, 4, 4, 8, 8, 8, 8, 
    8,8,8,8, 4,8,8, 4,8,8, 4,8,8, 8,8,8,8,4, 8,8, 4, 8, 4,4, 8,8,8,8,8, 4, 8,8, //30
    4,4,8,4,8, 8,8,8,8, 8,8,8,8, 4, 8, 4, 8,8, 8,8,8,8, 4, 8,8, //35
    4,4,4,8,8, 8,8,8,8, 4, 8,8, 4,4,4, 8,8, 8,8,8,8, 4,4, 4,4,4, 8,8,//39
    8,8,8,8,4,8,8,4,4,4,8,8,8,4,8,4,4,4,8,8,8,8,8,4,8,8,8,8,8, //44
    4,4,8,8,8,8,8,8,8,8,8,8,8,8,4,8,8,8,8,8,4,16,16,8,8,8,8,//49
    8,8,8,8,8,8,8,8, 8,4,8,4, 8,8,8,8,8,8,8,8,8,8,8,8,8,8,8,8,8,8,8,8,8,8,8,8,//53
    4,4,8,8,8,8,8,8,8,8,8,8,8,8,8,8,8,8,8,8,8,8,8,8,8,8,//58
    8,8,8,16,8,4,//62
  };



void setup() {
  for (int thisNote = 0; thisNote < 300; thisNote++) {

    int noteDuration = 1000 / noteDurations[thisNote];
    tone(13, C[melody[thisNote]], noteDuration);

    int pauseBetweenNotes = noteDuration * 0.5;
    delay(pauseBetweenNotes);
    noTone(8);
  }
}

void loop() {
  // no need to repeat the melody.
}
